get_rot_from_global center


[[ 0.99975958  0.02137218 -0.00490014]
 [-0.02148264  0.99948777 -0.023721  ]
 [ 0.00439066  0.02382057  0.99970661]]


get_rot_to_global center
[[ 0.99975958 -0.02148264  0.00439066]
 [ 0.02137218  0.99948777  0.02382057]
 [-0.00490014 -0.023721    0.99970661]]


