get_rot_from_global center
[[ 0.99975958  0.02137218 -0.00490014]
 [-0.02148264  0.99948777 -0.023721  ]
 [ 0.00439066  0.02382057  0.99970661]]


get_rot_to_global center
[[ 0.99975958 -0.02148264  0.00439066]
 [ 0.02137218  0.99948777  0.02382057]
 [-0.00490014 -0.023721    0.99970661]]


center from right  # right -> center
[[ 9.99607099e-01  2.80119216e-02 -9.90040736e-04]
 [-2.80240425e-02  9.99483314e-01 -1.57403498e-02]
 [ 5.48611750e-04  1.57619104e-02  9.99875623e-01]]



P1: 7.070493000000e+02 0.000000000000e+00 6.040814000000e+02 -3.797842000000e+02 
    0.000000000000e+00 7.070493000000e+02 1.805066000000e+02 0.000000000000e+00 
    0.000000000000e+00 0.000000000000e+00 1.000000000000e+00 0.000000000000e+00
P2: 7.070493000000e+02 0.000000000000e+00 6.040814000000e+02 4.575831000000e+01 
    0.000000000000e+00 7.070493000000e+02 1.805066000000e+02 -3.454157000000e-01
    0.000000000000e+00 0.000000000000e+00 1.000000000000e+00 4.981016000000e-03

